0.1507	0.012958	0.00011594	5.1015e-05	0.00015768	0.0026296	5.5653e-05	0	0.13627	0.021626	0.0058018	0.0022493	0.00056117	8.8117e-05	7.4204e-05	0	0.1184	0.0091317	0.021672	0.012726	0.0035989	0.00096465	0.00016232	1.3913e-05	0.1634	0.0031629	8.8117e-05	1.3913e-05	0	0	0	0	0.11935	0.024928	0.016186	0.0033763	0.0013635	0.00069102	0.0003803	0.00039421	0.11722	8.8117e-05	0.00046841	0.0012754	0.0053705	0.024988	0.015124	0.0021334
0.14743	0.016982	0.00013465	1.0358e-05	0.00014501	0.0017505	0.00021751	0	0.13575	0.021762	0.0062457	0.0021337	0.00067325	9.322e-05	5.1789e-06	0	0.11823	0.0069501	0.020032	0.015878	0.0042208	0.001186	0.00016572	5.1789e-06	0.16306	0.0035786	2.5894e-05	0	0	0	0	0	0.12083	0.026355	0.014957	0.0025273	0.0010202	0.00042467	0.00027966	0.00027448	0.11733	4.1431e-05	0.00028484	0.00091666	0.0042674	0.023678	0.016609	0.0035424
0.15816	0.0061159	6.3707e-05	4.5505e-05	0.00016382	0.0018111	0.00030033	4.5505e-06	0.13533	0.021883	0.0059703	0.0025119	0.00070078	0.00020932	5.0056e-05	1.3652e-05	0.11651	0.0204	0.019044	0.0076448	0.0022798	0.00062342	0.00015927	9.101e-06	0.16283	0.0037587	7.2808e-05	4.5505e-06	4.5505e-06	0	0	0	0.11488	0.029337	0.016887	0.0027166	0.0013196	0.00073263	0.0004414	0.00035039	0.1115	5.9157e-05	0.00053696	0.0011513	0.004778	0.027549	0.017683	0.0034083
0.15505	0.0090834	9.7997e-05	1.6896e-05	0.00015882	0.001987	0.00027372	3.3792e-06	0.13757	0.019985	0.0060116	0.0022877	0.00064543	0.00012841	3.0413e-05	3.3792e-06	0.11783	0.014588	0.02037	0.0099417	0.0031258	0.00068598	0.00011489	1.3517e-05	0.16323	0.0033826	5.0688e-05	3.3792e-06	0	0	0	0	0.11758	0.027764	0.016048	0.0028149	0.0011118	0.00067247	0.00036496	0.00030751	0.11397	5.4068e-05	0.00041227	0.0010509	0.0048627	0.025834	0.016869	0.0036158
0.14545	0.018328	0.0001955	2.4437e-05	0.00014662	0.0023826	0.00014051	0	0.13472	0.023362	0.0060237	0.0019	0.00054983	8.553e-05	3.0546e-05	0	0.11791	0.0058527	0.019831	0.016385	0.0049302	0.0014662	0.00028714	6.1093e-06	0.16296	0.003635	7.3311e-05	0	0	0	0	0	0.11977	0.026496	0.014656	0.0029996	0.0012219	0.0006598	0.00043376	0.00042765	0.11724	4.8874e-05	0.00049485	0.0011485	0.0047286	0.023698	0.016697	0.0026087
0.15128	0.012646	0.00022451	3.6655e-05	0.00019702	0.0020939	0.00017869	1.3746e-05	0.13229	0.020101	0.010048	0.0032532	0.00077892	0.00014204	4.5819e-05	9.1638e-06	0.11795	0.013631	0.016729	0.009677	0.0056495	0.0026346	0.00038946	9.1638e-06	0.15828	0.0082566	0.00011913	9.1638e-06	0	0	0	0	0.11731	0.02515	0.01814	0.0032806	0.0012646	0.00066438	0.0004307	0.00042612	0.11593	8.2474e-05	0.00049943	0.0012463	0.0054341	0.027391	0.01468	0.0014066
0.16158	0.0032418	5.355e-05	8.2384e-06	7.8265e-05	0.0015529	0.00014829	0	0.13682	0.020505	0.0061829	0.0022532	0.00074557	0.00011534	2.8834e-05	1.2358e-05	0.12238	0.024138	0.014046	0.0046259	0.0011328	0.00029246	4.1192e-05	8.2384e-06	0.16393	0.0027022	3.2954e-05	0	0	0	0	0	0.11269	0.032282	0.017189	0.0025498	0.0009227	0.00051078	0.00028011	0.00024303	0.10837	3.2954e-05	0.00039956	0.00084032	0.0044734	0.028039	0.020196	0.0043128
0.15478	0.0091589	0.00012212	3.053e-05	0.00012212	0.0023355	0.00011194	1.0177e-05	0.1361	0.021208	0.0061263	0.0023915	0.0006513	0.00013738	5.0883e-05	0	0.11744	0.012807	0.021646	0.010711	0.003053	0.0008243	0.00016791	1.5265e-05	0.1635	0.0030886	7.1236e-05	5.0883e-06	0	0	0	0	0.119	0.027182	0.015224	0.0027833	0.0011347	0.00060042	0.00042233	0.00032056	0.11566	9.6677e-05	0.0003918	0.0009566	0.0046761	0.024821	0.016634	0.0034295
0.14854	0.015159	0.00015796	1.5287e-05	0.00019873	0.0022828	0.00031083	0	0.13425	0.021926	0.0071593	0.002451	0.0008051	5.6052e-05	1.5287e-05	0	0.1182	0.0076587	0.020148	0.014635	0.0046778	0.0011312	0.00020892	5.0956e-06	0.16238	0.0042497	3.5669e-05	5.0956e-06	0	0	0	0	0.11927	0.024974	0.016581	0.0031236	0.0013249	0.00066243	0.0003414	0.00039236	0.11741	8.6625e-05	0.0003516	0.0011975	0.0054319	0.025111	0.0152	0.0018752
0.15256	0.011327	0.00043975	3.3315e-05	0.00023987	0.0020389	2.6652e-05	0	0.14161	0.016937	0.0059367	0.0016391	0.00044642	7.9955e-05	1.9989e-05	0	0.12638	0.013039	0.013872	0.008322	0.0032249	0.0014992	0.00032648	6.6629e-06	0.1635	0.0031249	3.9978e-05	0	0	0	0	0	0.12566	0.023294	0.012613	0.002352	0.0012726	0.00063298	0.00044642	0.00039311	0.12129	3.9978e-05	0.00055302	0.0012193	0.0040977	0.020542	0.014618	0.0043109
0.15266	0.010603	0.0002932	4.7547e-05	0.00022188	0.0028052	3.9622e-05	0	0.13944	0.018535	0.005872	0.0020287	0.00062603	0.00013472	2.3773e-05	7.9244e-06	0.12774	0.0069022	0.015999	0.01073	0.0036849	0.00126	0.00030905	3.9622e-05	0.16269	0.0038988	7.9244e-05	0	0	0	0	0	0.1288	0.01997	0.011704	0.0028766	0.0015294	0.0006498	0.00052301	0.00061811	0.12708	7.9244e-05	0.00065773	0.0014739	0.0043981	0.018662	0.012521	0.0017909
0.15452	0.0087289	0.00023766	5.4463e-05	0.00032678	0.0025152	0.00027727	4.9512e-06	0.1366	0.019443	0.0067831	0.0026291	0.00091597	0.00023766	5.4463e-05	0	0.12473	0.013497	0.014522	0.0084517	0.0037728	0.0013368	0.00030697	4.9512e-05	0.16157	0.004966	0.00011883	1.4854e-05	0	0	0	0	0.12337	0.021958	0.014443	0.0034361	0.0015101	0.00089121	0.00052978	0.00052483	0.12126	5.4463e-05	0.00046541	0.0015101	0.0055404	0.022117	0.013611	0.0021043
0.14966	0.013818	0.00022486	4.0883e-05	0.00023167	0.0025279	0.00016353	0	0.1364	0.02036	0.006807	0.0022418	0.00066094	0.0001499	4.0883e-05	6.8138e-06	0.12584	0.0055669	0.015856	0.012687	0.0047765	0.0015399	0.00038158	1.3628e-05	0.16174	0.0048515	7.4952e-05	0	0	0	0	0	0.12651	0.019215	0.01467	0.0030594	0.0013968	0.00083129	0.00038158	0.00060643	0.12554	0.00010221	0.00050422	0.00139	0.0050899	0.021811	0.011284	0.00094712
0.15883	0.0053006	6.348e-05	2.7772e-05	0.00013093	0.0020393	0.00027772	0	0.13503	0.022242	0.0063877	0.0021702	0.00067447	0.00011109	5.1577e-05	3.9675e-06	0.11677	0.020901	0.018496	0.0077009	0.0021186	0.00055545	0.00012696	0	0.16331	0.0033049	4.761e-05	3.9675e-06	0	0	0	0	0.11473	0.029681	0.017148	0.0029042	0.00094823	0.00061099	0.00032533	0.00032137	0.11144	5.1577e-05	0.00042055	0.0010276	0.0048642	0.027447	0.018127	0.0032851
0.13102	0.031081	0.0003897	4.7524e-05	0.00034217	0.0037259	5.7029e-05	0	0.13247	0.021101	0.0094193	0.003013	0.00043722	0.00017109	4.7524e-05	9.5048e-06	0.12658	0.0010265	0.0063112	0.019371	0.010199	0.0027089	0.00044673	2.8514e-05	0.16085	0.0056268	0.00018059	9.5048e-06	0	0	0	0	0.12659	0.013925	0.016386	0.0046574	0.0023477	0.0012356	0.00070336	0.00081741	0.12649	7.6038e-05	0.00066534	0.0021576	0.0071381	0.02246	0.0074993	0.00018059
0.14818	0.015173	0.00020073	7.7555e-05	0.00033759	0.0025091	0.00019161	0	0.12896	0.025151	0.0081616	0.0029836	0.0010037	0.00021898	0.00013686	5.4745e-05	0.11516	0.0090694	0.020684	0.015101	0.0048906	0.0014188	0.00033303	1.3686e-05	0.16171	0.0047948	0.00015055	9.1242e-06	0	0	0	0	0.11543	0.024366	0.019083	0.0038367	0.0017017	0.0010767	0.00061588	0.00055201	0.11395	4.5621e-05	0.00058851	0.0016788	0.006355	0.028385	0.014079	0.0015876
0.15711	0.007023	5.4933e-05	4.6482e-05	0.00013099	0.0020621	0.00024086	0	0.13502	0.022463	0.0061102	0.0022987	0.00060004	0.00011832	2.9579e-05	2.5354e-05	0.11689	0.016793	0.021263	0.0088231	0.0022353	0.00056201	9.2964e-05	4.2256e-06	0.1634	0.0032284	4.2256e-05	0	0	0	0	0	0.11683	0.027606	0.017017	0.00281	0.0012212	0.00056623	0.00031692	0.00030424	0.11407	3.8031e-05	0.00037608	0.0011832	0.0050496	0.026833	0.016366	0.0027509
0.15448	0.0092993	0.00013145	6.3607e-05	0.00016962	0.0021881	0.00032651	4.2405e-06	0.1354	0.02272	0.0057458	0.00201	0.0005767	0.00015266	5.0885e-05	8.4809e-06	0.11388	0.015384	0.022317	0.010639	0.0032779	0.00094138	0.0002205	4.2405e-06	0.16317	0.0034008	8.9049e-05	8.4809e-06	0	0	0	0	0.11445	0.031795	0.014998	0.0025994	0.0011492	0.0007336	0.00041556	0.00052582	0.10865	8.4809e-05	0.00047917	0.0012509	0.0047366	0.025583	0.020189	0.0056949
0.12837	0.027212	0.0062716	0.00022771	0.00059775	0.0038901	9.488e-05	0	0.12865	0.023768	0.011528	0.002353	0.00032259	3.7952e-05	9.488e-06	0	0.12827	0.00013283	0.0014991	0.012714	0.016206	0.0064519	0.0013663	2.8464e-05	0.15291	0.013729	2.8464e-05	0	0	0	0	0	0.12896	0.014137	0.013426	0.0040893	0.0025048	0.0014706	0.00084443	0.0012334	0.12827	6.6416e-05	0.00074007	0.0025143	0.0064424	0.019232	0.0086341	0.00076853
0.16667	0	0	0	0	0	0	0	0.1658	0.00086356	0	0	0	0	0	0	0.1658	0.00086356	0	0	0	0	0	0	0.16667	0	0	0	0	0	0	0	0.1658	0.00086356	0	0	0	0	0	0	0.15976	0	0	0	0	0	0.00086356	0.0060449
0.13515	0.026723	0.00064454	3.6386e-05	0.00029108	0.0036801	0.00014554	0	0.13567	0.021504	0.0063571	0.0025418	0.00044182	0.00011955	2.599e-05	5.1979e-06	0.12247	0.0018661	0.014882	0.017294	0.007012	0.0024586	0.00063935	4.6781e-05	0.16166	0.0049328	7.2771e-05	5.1979e-06	0	0	0	0	0.12406	0.020449	0.01404	0.003966	0.0018401	0.0010552	0.00066534	0.00059256	0.12228	3.6386e-05	0.00059776	0.0016893	0.0062167	0.021353	0.012657	0.0018401
0.15666	0.0078767	0.00022945	3.7615e-06	0.00021065	0.0016739	7.5231e-06	0	0.1525	0.010589	0.0025466	0.00094039	9.4039e-05	0	0	0	0.13243	0.016814	0.0098966	0.0046869	0.0020989	0.00066956	6.7708e-05	0	0.16625	0.00042129	0	0	0	0	0	0	0.13132	0.02477	0.0078917	0.0014407	0.00059809	0.0003423	0.00016175	0.0001467	0.1108	4.5139e-05	0.00021817	0.00065827	0.0023134	0.014072	0.018492	0.020068
0.14976	0.012436	0.00069251	4.8769e-05	0.00054133	0.0028432	0.00034138	0	0.13789	0.019795	0.0061497	0.0020873	0.00058522	0.0001268	3.4138e-05	0	0.12081	0.0090905	0.018191	0.012065	0.0044818	0.0016581	0.00036576	4.8769e-06	0.16253	0.0041063	3.4138e-05	0	0	0	0	0	0.12203	0.023228	0.014475	0.003287	0.0015752	0.00083394	0.00058522	0.00064862	0.11919	2.4384e-05	0.00047306	0.0016045	0.0057937	0.022507	0.014216	0.0028578
0.14498	0.015646	0.0014116	2.2915e-05	0.00039414	0.0037627	0.00041247	4.1247e-05	0.13342	0.023364	0.0071725	0.0021174	0.00050872	5.9579e-05	9.1661e-06	1.3749e-05	0.12031	0.0080661	0.016526	0.012269	0.0065858	0.0023511	0.00051788	3.6664e-05	0.16181	0.0047709	7.3329e-05	1.3749e-05	0	0	0	0	0.12188	0.022287	0.014753	0.0038177	0.0016545	0.0009991	0.00061871	0.00065537	0.11878	6.8746e-05	0.00055455	0.0016178	0.0060817	0.022672	0.013864	0.0030248
0.15065	0.013397	0.00013425	3.5329e-05	0.00014838	0.0021762	0.00013072	0	0.13711	0.021473	0.0054795	0.0019254	0.00057586	5.6526e-05	3.5329e-05	7.0657e-06	0.11342	0.0085142	0.026761	0.013545	0.0034622	0.00083376	0.00011658	1.0599e-05	0.16414	0.0024659	5.2993e-05	7.0657e-06	0	0	0	0	0.11637	0.028577	0.016364	0.002844	0.0011588	0.00068184	0.00032149	0.00034975	0.11294	8.4789e-05	0.00046987	0.0010952	0.0047446	0.026186	0.017636	0.0035081
0.15016	0.012631	0.00066887	3.111e-05	0.00025407	0.0023747	0.0005185	2.5925e-05	0.13466	0.019952	0.0082597	0.0029555	0.00071553	6.7405e-05	4.6665e-05	1.037e-05	0.12572	0.0090686	0.01247	0.0099811	0.0062687	0.0024318	0.00071035	2.074e-05	0.16037	0.006139	0.00015037	1.037e-05	0	0	0	0	0.12501	0.021227	0.013808	0.0032562	0.0013792	0.00087627	0.00051332	0.00059628	0.12209	7.259e-05	0.00054961	0.0014155	0.0048998	0.021269	0.01346	0.002914
0.14065	0.021938	0.00041039	1.7588e-05	0.00024624	0.0032949	0.00011139	0	0.13836	0.018456	0.006707	0.0025034	0.00058041	5.2765e-05	5.8628e-06	0	0.12491	0.0028317	0.014387	0.015161	0.0066425	0.0022103	0.00051006	1.1726e-05	0.16204	0.0046023	2.9314e-05	0	0	0	0	0	0.12678	0.019259	0.013977	0.0035294	0.0015536	0.00070353	0.00041039	0.00045143	0.12476	5.8628e-05	0.0004573	0.0012898	0.0055403	0.020496	0.012036	0.0020285
0.16028	0.0041045	0.00010441	1.4402e-05	0.00016562	0.0016634	0.00032764	3.6004e-06	0.14145	0.018031	0.0047057	0.0018326	0.00053646	7.5609e-05	2.1602e-05	1.0801e-05	0.11994	0.025444	0.01425	0.0047993	0.0015446	0.00051486	0.00017282	0	0.16414	0.0024627	5.0406e-05	1.0801e-05	7.2008e-06	0	0	0	0.11465	0.033109	0.014466	0.0023259	0.00096491	0.00056526	0.00028443	0.00029883	0.10752	7.2008e-05	0.00038524	0.00094331	0.0039136	0.025304	0.021512	0.0070208
0.16066	0.00375	7.2557e-05	4.9644e-05	0.00011838	0.0019247	8.7832e-05	0	0.1381	0.020251	0.0056938	0.0018712	0.00057664	0.00011456	5.3463e-05	7.6376e-06	0.12013	0.024475	0.01534	0.004953	0.001348	0.00033223	8.4013e-05	3.8188e-06	0.16435	0.0022569	6.11e-05	0	0	0	0	0	0.11496	0.030058	0.016795	0.00257	0.0011342	0.00053845	0.00027877	0.00033223	0.11179	3.8188e-05	0.00037424	0.0010349	0.004888	0.027266	0.018036	0.0032345
0.15271	0.0087825	0.0008686	0.00013363	0.0005271	0.0034298	0.00021529	0	0.1361	0.018886	0.007565	0.0028879	0.00097253	0.00021529	3.712e-05	7.4239e-06	0.12454	0.009703	0.017105	0.0091834	0.0036897	0.0015664	0.00080921	7.4239e-05	0.16114	0.0053452	0.00017075	7.4239e-06	0	0	0	0	0.12424	0.019027	0.015449	0.0033556	0.0016481	0.0011062	0.00077209	0.001069	0.12345	8.1663e-05	0.00051225	0.0021604	0.0058946	0.022643	0.011084	0.0008389
0.15949	0.0062342	6.3522e-05	9.0746e-06	7.8646e-05	0.00075319	3.9323e-05	0	0.15778	0.0059953	0.0019147	0.00064127	0.00023594	5.4447e-05	3.0249e-05	1.5124e-05	0.15315	0.0024895	0.0038264	0.005112	0.0015064	0.00048398	9.982e-05	0	0.16532	0.0013128	3.0249e-05	0	0	0	0	0	0.15529	0.005354	0.0042015	0.00092258	0.00037206	0.00025711	0.00011494	0.00015427	0.14394	3.6298e-05	0.00011494	0.00041138	0.0015608	0.0062161	0.0030067	0.011376
0.13166	0.028661	0.0015126	3.5506e-05	0.00041897	0.0040974	0.00025565	2.1304e-05	0.13591	0.021162	0.0067107	0.0022511	0.00041187	0.00013492	4.2608e-05	4.2608e-05	0.13019	0.000561	0.0072575	0.016028	0.0084789	0.0032098	0.00085215	9.2316e-05	0.16086	0.0056171	0.00017043	1.4203e-05	0	0	0	0	0.13103	0.013464	0.012406	0.0044596	0.0024641	0.0012995	0.00073143	0.00080954	0.13014	4.9709e-05	0.00046868	0.0020026	0.0066326	0.018137	0.0082801	0.00095867
0.14444	0.018715	0.00042477	5.0718e-05	0.00024725	0.0026627	0.0001268	0	0.13541	0.019932	0.0077092	0.0027641	0.0006213	0.00018385	4.4379e-05	0	0.12177	0.0069357	0.01526	0.014163	0.0063968	0.0017688	0.00032967	3.8039e-05	0.16142	0.0051542	8.8757e-05	6.3398e-06	0	0	0	0	0.12236	0.02153	0.016217	0.0030875	0.0015596	0.00082417	0.00046914	0.00061496	0.12094	3.8039e-05	0.00039307	0.0014138	0.0057565	0.023743	0.012863	0.0015215
0.15629	0.0080054	0.00011544	3.5521e-05	0.00015984	0.0018693	0.00010656	8.8801e-05	0.13794	0.020917	0.0050572	0.0019492	0.00056389	0.00011988	6.2161e-05	5.3281e-05	0.12067	0.013169	0.019754	0.0089334	0.002997	0.00092797	0.00019536	2.22e-05	0.16295	0.0034721	0.00019092	3.108e-05	1.332e-05	1.332e-05	0	0	0.12114	0.026831	0.013786	0.0023932	0.0010567	0.00070153	0.00029748	0.00046177	0.11754	7.9921e-05	0.00044401	0.0011722	0.0042003	0.023115	0.016513	0.0036053
0.15781	0.0058007	7.698e-05	4.5282e-05	0.00018113	0.0024407	0.00031245	0	0.13405	0.022016	0.0067516	0.0027894	0.0008649	0.00013132	4.9811e-05	9.0565e-06	0.11789	0.020332	0.018222	0.0075712	0.0021509	0.00042113	7.698e-05	4.5282e-06	0.16332	0.0033011	4.0754e-05	4.5282e-06	0	0	0	0	0.11333	0.026404	0.020133	0.0037222	0.0014309	0.0008332	0.00040301	0.00040754	0.11175	0.00012226	0.00052075	0.001526	0.0059909	0.030145	0.014939	0.0016709
0.13862	0.024616	0.00023248	2.6418e-05	0.00013209	0.0024833	0.00047024	8.4538e-05	0.13466	0.021589	0.0068951	0.002589	0.00075027	0.00011096	4.7553e-05	2.6418e-05	0.12182	0.0014266	0.015634	0.018921	0.0068529	0.0017172	0.00026946	2.1134e-05	0.16174	0.0047236	0.00016908	3.1702e-05	0	0	5.2836e-06	0	0.12346	0.021304	0.015566	0.0034344	0.0015904	0.00065517	0.00031702	0.00034344	0.12166	8.9822e-05	0.00025361	0.0013051	0.0057803	0.023179	0.012575	0.0018281
0.15189	0.012407	0.00016582	1.7766e-05	0.00017174	0.0018596	0.0001599	0	0.14032	0.018376	0.0053951	0.0018596	0.00057445	8.291e-05	3.5533e-05	2.3689e-05	0.11931	0.010091	0.021249	0.011649	0.0032394	0.00092385	0.00020135	5.9221e-06	0.1637	0.0028959	5.9221e-05	1.1844e-05	0	0	0	0	0.12207	0.025998	0.013994	0.0024458	0.0010127	0.00058629	0.00027242	0.00029018	0.11804	6.5143e-05	0.00031387	0.00096531	0.0042521	0.022546	0.016523	0.0039619
0.1513	0.012352	0.00015752	3.8022e-05	0.00023356	0.0023193	0.000239	2.7159e-05	0.1339	0.022889	0.0067299	0.0022868	0.00065181	0.00012493	8.1476e-05	0	0.12264	0.0070178	0.017631	0.013243	0.0044431	0.0014611	0.0002227	1.0863e-05	0.16167	0.0049157	7.0612e-05	0	5.4317e-06	0	0	0	0.12304	0.0224	0.015247	0.0031776	0.0012927	0.0006844	0.00045083	0.00036936	0.12145	4.8885e-05	0.00049972	0.0010972	0.0053883	0.022954	0.013552	0.0016784
0.1462	0.017337	0.00018298	4.0027e-05	0.0001258	0.0027218	6.29e-05	0	0.13467	0.022261	0.006919	0.0022529	0.00045745	7.4336e-05	2.8591e-05	0	0.12302	0.003591	0.016194	0.016571	0.0056552	0.0013895	0.00023444	1.1436e-05	0.1626	0.0040199	5.1463e-05	0	0	0	0	0	0.12502	0.021735	0.01425	0.0031221	0.0012237	0.00074908	0.00032022	0.0002516	0.12274	1.1436e-05	0.00039455	0.0011493	0.0051235	0.021963	0.013043	0.0022415
0.15276	0.011507	0.00014578	3.4016e-05	0.00018952	0.0019923	3.4016e-05	0	0.13946	0.019666	0.0052044	0.0016959	0.00051509	7.2891e-05	4.8594e-05	0	0.1193	0.013626	0.019131	0.009709	0.003523	0.0011517	0.00022353	0	0.16388	0.0027261	6.3172e-05	0	0	0	0	0	0.11999	0.027543	0.014316	0.0023811	0.0011031	0.00055883	0.00041305	0.00035959	0.11532	8.7469e-05	0.00041791	0.0010691	0.0042714	0.023121	0.017751	0.0046261
0.14546	0.017423	0.00024351	8.523e-05	0.00028004	0.0031596	1.2176e-05	0	0.14078	0.016961	0.0059174	0.0024351	0.00044441	9.7405e-05	3.0439e-05	0	0.12794	0.00624	0.013284	0.012346	0.0051199	0.001455	0.00028004	6.0878e-06	0.16356	0.0030317	6.6966e-05	6.0878e-06	0	0	0	0	0.12808	0.018251	0.013381	0.0034092	0.0015159	0.00091318	0.00049311	0.00062096	0.12621	0.00012176	0.00059661	0.0015707	0.0052782	0.019785	0.011202	0.0019055
0.15127	0.011799	0.00024869	4.6053e-05	0.0002579	0.0026619	0.00038224	0	0.13329	0.022677	0.0068942	0.0026987	0.0008658	0.00016119	6.908e-05	9.2106e-06	0.1236	0.007935	0.015962	0.011965	0.0050198	0.0016809	0.00045593	5.0659e-05	0.16044	0.0060284	0.00018421	1.8421e-05	0	0	0	0	0.12381	0.020922	0.014488	0.0035	0.0017546	0.00088422	0.00058948	0.00071383	0.12172	0.00010592	0.00062172	0.0015934	0.0058764	0.021802	0.012904	0.0020448
0.13771	0.025901	0.0002792	4.1583e-05	0.0002495	0.0022574	0.00023168	0	0.13959	0.019081	0.0055544	0.001901	0.00045148	7.1286e-05	1.7821e-05	0	0.12305	0.0024118	0.016657	0.016669	0.0058455	0.0017346	0.00028514	1.1881e-05	0.16326	0.0033445	4.7524e-05	5.9405e-06	5.9405e-06	0	0	0	0.12559	0.022907	0.012736	0.0027564	0.0011822	0.00058811	0.00042772	0.00047524	0.1228	9.5048e-05	0.00043366	0.0011168	0.0043722	0.020495	0.014572	0.0027861
0.15599	0.0084369	0.00014115	2.2766e-05	0.00010017	0.0018759	0.00010472	0	0.13612	0.020676	0.0067067	0.0022766	0.00071939	0.00012293	4.0978e-05	0	0.11998	0.014388	0.018467	0.0098165	0.0029823	0.00085143	0.00017302	4.5531e-06	0.16305	0.0035696	3.6425e-05	9.1062e-06	0	0	0	0	0.11981	0.025994	0.015717	0.0028821	0.0010745	0.00060556	0.00030051	0.00028685	0.11675	0.00010472	0.00033238	0.0010062	0.0047261	0.024796	0.015849	0.0031052
0.14185	0.022337	0.00024746	5.0948e-05	0.0001674	0.0019433	6.5505e-05	0	0.13865	0.019309	0.0060192	0.0021107	0.00046581	5.8227e-05	5.0948e-05	0	0.12872	0.00090979	0.012228	0.016857	0.0057426	0.0018414	0.00035664	1.4557e-05	0.16277	0.0038138	8.0062e-05	7.2783e-06	0	0	0	0	0.12954	0.018371	0.013501	0.0024382	0.0013101	0.000706	0.00041487	0.00038575	0.12859	1.4557e-05	0.00040031	0.0013028	0.0042651	0.020234	0.010837	0.0010262
0.15741	0.0073143	0.00014847	3.1258e-05	0.00011722	0.0014144	0.0002188	1.5629e-05	0.14051	0.018637	0.005181	0.0017114	0.0004845	0.0001094	7.8145e-06	2.3443e-05	0.1276	0.013699	0.014293	0.0074941	0.0025319	0.00079707	0.00019536	5.4701e-05	0.16373	0.0028523	7.8145e-05	7.8145e-06	0	0	0	0	0.1277	0.022818	0.012105	0.0020552	0.00082052	0.00043761	0.00033602	0.00039072	0.12456	0.00011722	0.00036728	0.00075019	0.0036728	0.020021	0.014074	0.0031023
0.14464	0.018686	0.00041148	4.0856e-05	0.00029767	0.0025856	2.9183e-06	0	0.13909	0.018925	0.006251	0.0021741	0.00019844	2.6265e-05	0	0	0.12353	0.01099	0.013252	0.011025	0.0056119	0.0019261	0.00032977	0	0.16515	0.0015175	2.9183e-06	0	0	0	0	0	0.12124	0.024379	0.014594	0.0032539	0.0015146	0.0007821	0.00047568	0.00042607	0.11762	5.5448e-05	0.0004465	0.0012928	0.0051479	0.023174	0.015309	0.0036216
0.13433	0.027802	0.00041077	8.015e-05	0.00034565	0.0033262	0.00034565	3.0056e-05	0.12907	0.023574	0.0097132	0.0032611	0.00079649	0.00018034	6.0112e-05	1.5028e-05	0.12053	0.0016831	0.011842	0.018885	0.010074	0.0028453	0.00076142	4.5084e-05	0.15869	0.0077445	0.00022041	1.0019e-05	0	0	0	0	0.12103	0.019607	0.017157	0.0044082	0.002119	0.0011622	0.00054602	0.0006412	0.12036	8.015e-05	0.00050595	0.0019086	0.0072035	0.024676	0.011191	0.0007464
0.15528	0.0080198	0.00061728	6.9136e-05	0.00020247	0.0020049	0.00044938	1.9753e-05	0.13534	0.019941	0.0072543	0.0031852	0.00069136	0.00014815	7.4074e-05	2.963e-05	0.1251	0.01641	0.01203	0.0061827	0.0036741	0.0025284	0.00073086	9.8765e-06	0.15938	0.007116	0.00013827	9.8765e-06	9.8765e-06	9.8765e-06	0	0	0.12023	0.026252	0.014025	0.0029827	0.0014173	0.00082963	0.0004642	0.00046914	0.11459	4.4444e-05	0.00048395	0.0014222	0.0048395	0.022306	0.017402	0.0055802
0.16017	0.0036806	0.00023051	3.401e-05	0.00017005	0.0021464	0.00021917	1.5115e-05	0.14102	0.017311	0.0055549	0.0019839	0.00067642	9.825e-05	1.5115e-05	7.5577e-06	0.12808	0.019888	0.011646	0.0045044	0.0017345	0.00064241	0.00016627	0	0.16367	0.0029437	4.9125e-05	3.7789e-06	0	0	0	3.7789e-06	0.11908	0.028311	0.014549	0.0022975	0.0011034	0.00054793	0.00038166	0.00039678	0.11335	4.5346e-05	0.00040434	0.0010845	0.0042663	0.02409	0.017742	0.0056872
0.14893	0.012807	0.00044749	6.3927e-05	0.00050289	0.0036268	0.00028554	0	0.13612	0.020755	0.0069894	0.002182	0.00053273	5.5404e-05	3.4094e-05	0	0.12534	0.0053486	0.016387	0.01273	0.0050971	0.001449	0.00031111	8.5236e-06	0.16217	0.0044067	8.0974e-05	8.5236e-06	0	0	0	0	0.12408	0.020751	0.014405	0.0035245	0.0015897	0.00095891	0.00063075	0.00072451	0.11633	0.00010655	0.00058813	0.0018326	0.0056639	0.021237	0.013122	0.0077906
0.14592	0.0122	0.0022843	0.00037629	0.0010441	0.0047222	0.0001166	0	0.13132	0.02005	0.0090046	0.0047964	0.0012084	0.0001961	7.9499e-05	1.06e-05	0.11974	0.0079605	0.015693	0.011109	0.0057504	0.0039749	0.0022472	0.0001961	0.15647	0.009895	0.0002915	5.2999e-06	0	0	0	0	0.12061	0.01856	0.014432	0.0045791	0.0028143	0.0020299	0.0012932	0.0023479	0.11891	5.8299e-05	0.00095929	0.0034079	0.0079393	0.022249	0.011432	0.0017119
0.15059	0.013193	0.00018458	4.1531e-05	0.00016151	0.0023211	0.00017997	0	0.13737	0.019907	0.0062388	0.0023903	0.00061834	9.229e-05	4.6145e-05	4.6145e-06	0.11795	0.011181	0.019649	0.011333	0.0046191	0.0015689	0.00033686	3.2302e-05	0.16188	0.0047022	6.4603e-05	1.8458e-05	0	0	0	0	0.1204	0.025804	0.014628	0.0029025	0.0014351	0.00064603	0.00042453	0.00042915	0.11658	0.00010152	0.00051221	0.0012228	0.0048637	0.023243	0.01634	0.003807
0.16081	0.0036932	5.922e-05	1.0767e-05	9.6905e-05	0.0018358	0.00013997	2.1535e-05	0.13925	0.018498	0.006062	0.0020296	0.00062989	0.00016151	2.6918e-05	1.0767e-05	0.12533	0.020103	0.014337	0.0048776	0.001432	0.00046838	0.00011844	0	0.16361	0.0029664	7.5371e-05	5.3836e-06	0	5.3836e-06	0	0	0.12085	0.026245	0.01487	0.0025411	0.0010067	0.00060835	0.00022611	0.00032302	0.11842	5.3836e-05	0.00033917	0.0010121	0.0043715	0.024522	0.015424	0.0025249
0.159	0.0053814	0.0001469	2.938e-05	8.8139e-05	0.0018607	0.00016159	0	0.13604	0.02059	0.0065909	0.0023993	0.00082753	0.000142	5.3863e-05	1.9587e-05	0.12165	0.018783	0.016306	0.0067622	0.0021839	0.00080305	0.00016159	1.9587e-05	0.16269	0.0039173	4.407e-05	1.469e-05	4.8966e-06	0	0	0	0.11917	0.027544	0.014871	0.0026295	0.0011164	0.00063167	0.00033297	0.00036725	0.11606	7.8346e-05	0.00033787	0.0010968	0.004549	0.024003	0.017349	0.0031877
0.12384	0.035034	0.0024071	6.0683e-05	0.00065235	0.0045361	0.00011125	2.0228e-05	0.1485	0.014129	0.0034792	0.00051075	3.5399e-05	5.0569e-06	5.0569e-06	0	0.12565	0.009679	0.017391	0.0096183	0.0033983	0.00085462	7.5854e-05	0	0.16616	0.00048041	1.5171e-05	1.0114e-05	0	0	0	0	0.12699	0.022837	0.01022	0.0031201	0.0016587	0.00091025	0.0004349	0.00049558	0.11975	5.5626e-05	0.00051581	0.001684	0.0050266	0.016738	0.015869	0.0070241
0.14613	0.013712	0.00071795	0.00037821	0.00096154	0.004391	0.00036538	6.4103e-06	0.13226	0.020942	0.0087949	0.003391	0.0010641	0.00017949	3.8462e-05	0	0.12567	0.0041603	0.013609	0.012737	0.0064872	0.0030833	0.00085256	7.0513e-05	0.15764	0.0087564	0.00025641	1.2821e-05	0	0	0	0	0.12599	0.015897	0.01384	0.0041987	0.0027436	0.0015641	0.0009359	0.0014936	0.12516	0.00010897	0.00069872	0.0028269	0.0072115	0.019929	0.0098654	0.00086538
0.12962	0.02724	0.0049693	9.0731e-05	0.00039084	0.0024149	0.0016611	0.00027917	0.14749	0.014001	0.0039433	0.00099805	0.00020938	1.3959e-05	6.9793e-06	0	0.13412	0.0088638	0.011732	0.0075447	0.0032035	0.0010399	0.00015355	1.3959e-05	0.16486	0.0017797	2.0938e-05	6.9793e-06	0	0	0	0	0.13264	0.016115	0.010427	0.0032105	0.0019821	0.0010539	0.00057231	0.00066304	0.12892	5.5835e-05	0.00053043	0.0017099	0.0052275	0.015759	0.010825	0.0036362
0.15168	0.011631	0.00025594	6.3985e-05	0.00029039	0.0026382	8.3673e-05	1.9688e-05	0.13332	0.023005	0.0068513	0.0024954	0.00075798	0.00017227	5.9063e-05	4.9219e-06	0.12116	0.007186	0.01952	0.012497	0.0043658	0.0015356	0.00037899	2.461e-05	0.16185	0.0047152	8.3673e-05	9.8439e-06	4.9219e-06	4.9219e-06	0	0	0.12187	0.021912	0.016242	0.0033371	0.0015652	0.0007629	0.0004479	0.00053157	0.12022	2.9532e-05	0.00052665	0.0014028	0.0057587	0.02396	0.013023	0.0017424
0.14491	0.018424	0.00035835	3.6889e-05	0.00017918	0.002519	0.00023715	0	0.13365	0.023825	0.0061764	0.0023715	0.00052172	7.9049e-05	2.635e-05	1.581e-05	0.1172	0.0050222	0.020674	0.016179	0.0055071	0.0016284	0.00042159	3.162e-05	0.16231	0.0042581	7.9049e-05	1.581e-05	0	0	0	0	0.12115	0.024769	0.014772	0.0031461	0.001249	0.00061658	0.00044267	0.00052699	0.11684	5.7969e-05	0.00046902	0.0011172	0.0050539	0.022835	0.016137	0.004158
0.14596	0.016939	0.00098622	3.4691e-05	0.00049063	0.0022549	0	4.9559e-06	0.14873	0.013386	0.0035583	0.00092675	6.4427e-05	0	0	0	0.12362	0.013753	0.015799	0.008648	0.0035435	0.0011795	0.00011894	0	0.16617	0.00049559	4.9559e-06	0	0	0	0	0	0.13003	0.02416	0.0083953	0.0020517	0.00099613	0.00056002	0.00027257	0.00019824	0.11268	4.9559e-05	0.000337	0.00095649	0.0029934	0.014892	0.017777	0.016979
0.14444	0.018619	0.00060821	5.7378e-05	0.00017213	0.002473	0.00029837	0	0.13519	0.022389	0.006019	0.0022607	0.00071149	6.8854e-05	1.7213e-05	5.7378e-06	0.11811	0.00556	0.019761	0.015641	0.0050493	0.0019509	0.00057378	1.7213e-05	0.16204	0.0045444	6.8854e-05	1.7213e-05	0	0	0	0	0.12266	0.024598	0.013203	0.0028976	0.0016009	0.00070001	0.00051067	0.00049919	0.11758	6.8854e-05	0.00035575	0.0014918	0.0044985	0.021792	0.015802	0.005078
0.1339	0.029669	0.00029735	2.2026e-05	0.00023678	0.0022962	0.00023127	1.1013e-05	0.13507	0.021255	0.0068997	0.0026211	0.00067731	9.3611e-05	2.7533e-05	2.2026e-05	0.12138	0.0011839	0.014824	0.019521	0.0074008	0.0018998	0.00043502	2.2026e-05	0.16232	0.0042455	9.3611e-05	5.5065e-06	0	0	0	0	0.12281	0.021652	0.015859	0.0032213	0.0015308	0.00066079	0.0004185	0.00051211	0.12126	8.8105e-05	0.00046255	0.0012665	0.005435	0.023772	0.012781	0.0016024
0.1415	0.02248	0.00022929	4.3907e-05	0.00016099	0.0019173	0.00033174	0	0.13471	0.023188	0.0060104	0.0019612	0.0006147	0.00013172	3.9029e-05	1.4636e-05	0.11852	0.0036053	0.019241	0.018187	0.0055713	0.0012489	0.0002732	2.4393e-05	0.16311	0.0034638	9.7571e-05	0	0	0	0	0	0.12025	0.025549	0.015348	0.0028393	0.0012928	0.00055128	0.00040004	0.00043419	0.11818	6.3421e-05	0.00045859	0.0011709	0.0049274	0.024525	0.01526	0.0020832
0.14733	0.015742	0.00043985	0.00011351	0.00045404	0.0025894	0	0	0.14123	0.015246	0.0067822	0.0024617	0.00067396	0.00018445	8.5132e-05	0	0.12992	0.0062785	0.011436	0.010514	0.0056825	0.0022063	0.00061011	2.1283e-05	0.16143	0.0051647	6.3849e-05	7.0943e-06	0	0	0	0	0.13118	0.017424	0.0115	0.0031215	0.0013479	0.00092226	0.00058173	0.00058883	0.12904	2.8377e-05	0.00067396	0.0013763	0.004739	0.017601	0.010989	0.0022205
0.15688	0.007531	0.00014077	2.9326e-05	0.00021115	0.0017889	8.2113e-05	0	0.13892	0.019748	0.0054957	0.001654	0.00063931	0.00014077	7.0383e-05	0	0.12302	0.014082	0.016816	0.0086102	0.0030147	0.00087392	0.00023461	1.7596e-05	0.16304	0.0035015	0.00012317	5.8652e-06	0	0	0	0	0.12477	0.025009	0.012282	0.0022405	0.0010264	0.0005396	0.00034018	0.00045749	0.12059	8.2113e-05	0.00037538	0.0010792	0.0038652	0.020669	0.015801	0.0042054
0.1346	0.027846	0.0010157	3.9573e-05	0.00052763	0.0026382	0	0	0.14494	0.016607	0.0041287	0.00091017	2.6382e-05	5.2763e-05	0	0	0.12236	0.0070571	0.016528	0.013085	0.0055665	0.001794	0.00027701	0	0.16594	0.0007255	0	0	0	0	0	0	0.12786	0.024139	0.0094974	0.0024403	0.0011872	0.00068593	0.00044849	0.00040892	0.11893	7.9145e-05	0.00047487	0.0011476	0.0037594	0.016528	0.016686	0.0090621
0.15594	0.0081922	0.00020079	1.8254e-05	0.00013143	0.0019057	0.00027015	7.3015e-06	0.13688	0.021021	0.0059215	0.0020955	0.00061697	0.00011317	2.1904e-05	0	0.11864	0.015435	0.018703	0.0094627	0.0031761	0.001004	0.0002373	1.0952e-05	0.16289	0.0037347	3.2857e-05	1.0952e-05	0	0	0	0	0.12036	0.027428	0.014092	0.0025154	0.001139	0.00063888	0.00022635	0.0002665	0.11467	5.8412e-05	0.0002665	0.00096744	0.0043152	0.023423	0.017377	0.0055929
0.14271	0.02098	0.00034622	6.6581e-06	0.00015314	0.0022904	0.00017977	0	0.1359	0.021619	0.0063452	0.0021639	0.00052599	7.324e-05	1.9974e-05	1.9974e-05	0.12694	0.0021706	0.012577	0.016719	0.0060922	0.0017111	0.00040615	4.6607e-05	0.16193	0.0046274	0.00010653	6.6581e-06	0	0	0	0	0.12788	0.019901	0.013243	0.0029762	0.0012517	0.00059257	0.0004128	0.00040615	0.12677	5.3265e-05	0.00030627	0.0012983	0.0047672	0.020374	0.011878	0.0012184
0.13341	0.029098	0.00077615	4.2335e-05	0.00035985	0.0025048	0.00047274	0	0.13674	0.019397	0.0075004	0.0023778	0.00045863	0.00012701	7.0559e-05	0	0.1321	0.0006562	0.0059622	0.015452	0.0090174	0.0029282	0.00048685	6.3503e-05	0.16075	0.0058211	9.1726e-05	7.0559e-06	0	0	0	0	0.13233	0.013018	0.013646	0.0038243	0.0017146	0.00095254	0.00057153	0.00061386	0.13199	9.8782e-05	0.00067736	0.0015382	0.0054048	0.019016	0.0075216	0.00042335
0.14574	0.015331	0.00081732	9.2278e-05	0.00063935	0.0040075	3.2956e-05	6.5913e-06	0.152	0.010922	0.0029199	0.00072504	9.2278e-05	6.5913e-06	0	0	0.12916	0.011752	0.014336	0.007112	0.0031902	0.00095573	0.00016478	0	0.1661	0.00056026	6.5913e-06	0	0	0	0	0	0.13349	0.020097	0.0080545	0.0023333	0.0011732	0.000758	0.00039548	0.00036252	0.12137	4.6139e-05	0.00046798	0.0011732	0.0037043	0.013545	0.014567	0.011792
0.15809	0.0057855	0.00028236	4.6099e-05	0.00017287	0.0019938	0.00029965	0	0.13588	0.019408	0.0069437	0.0030541	0.001141	0.00013254	9.7961e-05	1.1525e-05	0.12412	0.017063	0.014769	0.006621	0.0025816	0.0010891	0.00038032	4.6099e-05	0.1616	0.0049038	0.00015559	1.1525e-05	0	0	0	0	0.11982	0.025228	0.015443	0.0031232	0.0014176	0.00076064	0.00037456	0.00049557	0.11785	8.0674e-05	0.00048404	0.001285	0.0050825	0.024946	0.014873	0.0020629
0.15161	0.01209	0.00015539	1.5038e-05	0.00017043	0.0024461	0.00018045	0	0.13397	0.020947	0.0077744	0.0029975	0.00079198	0.00015539	2.005e-05	5.0125e-06	0.11949	0.0089825	0.019895	0.012531	0.0044311	0.0011579	0.00017544	0	0.16201	0.0046115	4.5113e-05	0	0	0	0	0	0.12025	0.022662	0.017258	0.0034486	0.0015639	0.00069173	0.00043108	0.00036591	0.11886	2.005e-05	0.00051128	0.0012732	0.005619	0.025729	0.013138	0.0015188
0.15085	0.012777	9.8848e-05	5.1573e-05	0.00016761	0.0023981	0.00029225	3.0084e-05	0.13216	0.024953	0.0064036	0.0022606	0.00067045	0.00014612	7.3062e-05	0	0.11885	0.0057203	0.021549	0.014823	0.0043407	0.0011045	0.00025357	2.1489e-05	0.16253	0.0040141	0.00010744	8.5955e-06	0	4.2977e-06	0	0	0.11991	0.024721	0.015867	0.0032362	0.0014011	0.00072202	0.0003911	0.00042118	0.11822	3.4382e-05	0.00046416	0.0013022	0.0054238	0.025168	0.014363	0.0016933
0.15926	0.0049129	5.9387e-05	3.2393e-05	0.00014577	0.0021703	8.0982e-05	0	0.13733	0.021606	0.0049075	0.0020354	0.00063706	0.00011338	3.2393e-05	5.3988e-06	0.119	0.019074	0.019317	0.0066945	0.0018194	0.00061546	0.00015117	0	0.16373	0.0028776	5.9387e-05	0	0	0	0	0	0.11927	0.028155	0.014323	0.0024025	0.0011014	0.00073424	0.00034013	0.00034013	0.11502	3.7792e-05	0.00041571	0.0011068	0.0045242	0.023641	0.017692	0.0042327
0.16041	0.0041838	8.6962e-05	2.4156e-05	0.00022707	0.0017102	2.8987e-05	0	0.14386	0.016209	0.0044399	0.0015605	0.00047346	8.6962e-05	1.9325e-05	1.9325e-05	0.12842	0.017102	0.014078	0.0048554	0.0016378	0.0004638	0.00010629	4.8312e-06	0.16419	0.0024253	4.3481e-05	9.6624e-06	0	0	0	0	0.12658	0.024098	0.012083	0.0019711	0.00087928	0.0004638	0.0002947	0.0002947	0.1236	6.7637e-05	0.00033335	0.0009131	0.0034302	0.020093	0.015238	0.0029905
0.15334	0.010497	0.00015988	5.5131e-05	0.00017091	0.0023376	0.00010475	0	0.13605	0.021689	0.0061471	0.0019406	0.00063952	0.00011578	6.0644e-05	2.2052e-05	0.11661	0.012592	0.021689	0.011059	0.0034292	0.001042	0.00022604	2.2052e-05	0.16335	0.0032252	9.3723e-05	0	0	0	0	0	0.11754	0.028144	0.015045	0.0029109	0.001472	0.00072773	0.00043002	0.00039143	0.11471	5.5131e-05	0.00053477	0.001257	0.0051658	0.024803	0.01719	0.0029495
0.1393	0.024204	0.00025539	6.3847e-05	0.00015323	0.0023432	0.00033839	6.3847e-06	0.13297	0.023943	0.0069146	0.002241	0.00047885	5.7462e-05	4.4693e-05	1.2769e-05	0.11946	0.0021772	0.016473	0.019869	0.006672	0.0016664	0.00032562	2.5539e-05	0.16176	0.0048077	9.5771e-05	6.3847e-06	0	0	0	0	0.12186	0.023853	0.014704	0.0027007	0.0014302	0.0009194	0.00057462	0.0006257	0.11921	0.00010216	0.00060655	0.0015643	0.0048907	0.023023	0.014557	0.0027135
0.15746	0.0069726	7.9614e-05	1.6761e-05	8.3805e-05	0.0017515	0.0003017	4.1902e-06	0.13685	0.021257	0.0056191	0.0020532	0.00075843	9.6375e-05	2.5141e-05	4.1902e-06	0.11512	0.02031	0.019853	0.0082925	0.0023465	0.0005992	0.00014247	4.1902e-06	0.16342	0.0031762	6.7044e-05	4.1902e-06	0	0	0	0	0.11485	0.031473	0.015718	0.0025979	0.00098471	0.00054473	0.00023046	0.00026818	0.11056	7.1234e-05	0.00029751	0.00097213	0.0045548	0.026352	0.019635	0.0042279
0.13471	0.024327	0.0024867	0.00013754	0.00072069	0.0040821	0.00020355	0	0.13535	0.021313	0.0078671	0.0017605	0.00034109	2.7507e-05	5.5015e-06	0	0.13021	0.0003851	0.0074545	0.014568	0.0090774	0.0039941	0.00091874	5.5015e-05	0.16005	0.0065467	7.1519e-05	0	0	0	0	0	0.13227	0.015657	0.0099411	0.0035429	0.0020851	0.0014084	0.00081972	0.00094625	0.13016	7.702e-05	0.00053914	0.0022996	0.0054684	0.015547	0.010497	0.0020796
0.15916	0.0047817	8.4582e-05	6.7666e-05	0.00015789	0.0021822	0.00023683	0	0.1374	0.021399	0.0052441	0.0018495	0.00057516	0.00011842	6.7666e-05	1.1278e-05	0.11904	0.019251	0.018648	0.0069809	0.0020243	0.00053569	0.00016916	1.6916e-05	0.16362	0.0029378	0.00010714	5.6388e-06	0	0	0	0	0.11973	0.028713	0.013652	0.0022386	0.0008853	0.0006541	0.00034961	0.00043983	0.11485	4.5111e-05	0.00039472	0.001139	0.0039246	0.022989	0.018388	0.0049396
0.13513	0.020829	0.0062452	0.00018608	0.00072105	0.0035471	1.163e-05	0	0.13681	0.014793	0.010502	0.0036983	0.0006629	0.00018608	1.163e-05	0	0.13507	0.0006629	0.0025702	0.0086875	0.011537	0.0061638	0.0018957	8.1409e-05	0.15356	0.012793	0.00030237	1.163e-05	0	0	0	0	0.13518	0.0097574	0.010967	0.0043263	0.0025469	0.0017794	0.0010118	0.0010932	0.13506	2.326e-05	0.00070942	0.0025353	0.0063034	0.015247	0.0065127	0.00027912
0.15651	0.0071698	0.00020197	2.0197e-05	0.00019187	0.0023933	0.00018177	0	0.13677	0.021661	0.0055692	0.0018833	0.00064124	0.00010098	3.5344e-05	1.0098e-05	0.11812	0.017621	0.018697	0.0083614	0.0027114	0.00085835	0.00028275	1.5147e-05	0.16304	0.0035243	9.5933e-05	5.0491e-06	0	0	0	0	0.11933	0.027826	0.014042	0.0027922	0.0012219	0.00065639	0.00033324	0.00046957	0.11503	6.5639e-05	0.00051501	0.0011512	0.0044786	0.023398	0.017733	0.0042968
0.15749	0.0068633	0.00017873	5.3619e-05	0.00021895	0.0016801	0.00017873	4.4683e-06	0.13914	0.019549	0.0053262	0.0018409	0.00057194	0.00015192	7.1492e-05	1.3405e-05	0.12291	0.016032	0.016122	0.0076631	0.0027301	0.0008445	0.00033065	3.5746e-05	0.1631	0.0033914	0.00015192	2.681e-05	0	0	0	0	0.12365	0.026144	0.012279	0.0022029	0.00098749	0.0006479	0.00035299	0.00040214	0.11732	6.7024e-05	0.00040214	0.0011573	0.0037444	0.020362	0.017319	0.0062913
0.15258	0.011769	0.00011053	1.7453e-05	0.00016871	0.0018791	0.00014544	0	0.13995	0.017691	0.005771	0.0024375	0.0006981	0.00010472	1.1635e-05	0	0.12308	0.009471	0.018046	0.011205	0.0037523	0.00093662	0.00016289	1.1635e-05	0.16343	0.0031764	6.3993e-05	0	0	0	0	0	0.12431	0.02277	0.014526	0.0026179	0.00121	0.00059921	0.00030833	0.00031996	0.12187	4.654e-05	0.00033742	0.00097735	0.0043922	0.022741	0.013782	0.002519
0.13637	0.026858	0.00029789	4.2556e-05	0.00023938	0.002697	0.00016491	0	0.13398	0.022305	0.0071601	0.0024949	0.00058515	0.00010107	3.7237e-05	5.3195e-06	0.12029	0.0023034	0.015421	0.019225	0.0070218	0.0019629	0.00043088	1.5959e-05	0.16229	0.0042982	6.9154e-05	5.3195e-06	0	0	0	0	0.12243	0.023002	0.014586	0.0033034	0.0014682	0.00096284	0.00049472	0.00041492	0.11999	4.7876e-05	0.00052132	0.0014629	0.0054366	0.022587	0.014113	0.0025055
0.15617	0.0076494	0.00019419	2.8419e-05	0.00010894	0.0019798	0.00053996	0	0.13493	0.02201	0.0064226	0.0024251	0.00074836	9.9466e-05	2.3682e-05	4.7365e-06	0.11622	0.016843	0.019851	0.0095866	0.0029035	0.00097097	0.00028419	9.4729e-06	0.16247	0.0041018	9.4729e-05	4.7365e-06	0	0	0	0	0.1171	0.028982	0.014944	0.0028845	0.0011083	0.0007531	0.00039313	0.00050207	0.11201	6.631e-05	0.0004547	0.0011936	0.0049212	0.024421	0.018643	0.0049591
0.13028	0.031985	0.00070661	3.6052e-05	0.0004182	0.0030283	0.00020189	7.2103e-06	0.13318	0.021523	0.0080684	0.0030067	0.00067777	0.00017305	3.6052e-05	0	0.1253	0.00056962	0.0087894	0.01928	0.0088831	0.0029274	0.00087245	4.3262e-05	0.16055	0.0059918	0.00011537	1.4421e-05	0	0	0	0	0.12596	0.017867	0.015286	0.0038575	0.0017161	0.00087966	0.0005552	0.00054798	0.12521	6.4893e-05	0.0004903	0.0013844	0.0062153	0.02202	0.010469	0.00080756
0.13952	0.023968	0.00018545	3.9337e-05	0.00020231	0.0023883	0.00036528	0	0.1372	0.019303	0.0066087	0.0026187	0.00075865	9.5534e-05	8.4294e-05	0	0.12269	0.0016128	0.017072	0.016876	0.0061366	0.0019837	0.0002866	5.6196e-06	0.1626	0.0040068	4.4957e-05	1.1239e-05	0	0	0	0	0.12388	0.021473	0.015083	0.0033043	0.0013993	0.00077551	0.0003428	0.00040461	0.12257	1.6859e-05	0.00046081	0.0011464	0.0052487	0.023147	0.012678	0.0013993
0.14076	0.022378	0.00038718	4.5937e-05	0.0001575	0.0022772	0.00063656	1.9687e-05	0.13447	0.020718	0.0076453	0.0028022	0.00074812	0.00023625	2.625e-05	1.9687e-05	0.12492	0.0034715	0.012108	0.015829	0.0074812	0.0022575	0.00055125	4.5937e-05	0.16033	0.0061687	0.00012469	3.2812e-05	6.5625e-06	0	0	0	0.12521	0.018605	0.016098	0.0034322	0.0013912	0.00080062	0.00053812	0.00059062	0.12452	0.0001575	0.00055125	0.0014306	0.0054993	0.023264	0.010487	0.00075468
0.16034	0.0036676	7.4689e-05	3.5379e-05	0.00014152	0.0021974	0.00021227	0	0.13676	0.021412	0.0055938	0.0020834	0.00059751	0.00018083	2.3586e-05	1.5724e-05	0.11887	0.024671	0.015634	0.0053186	0.0016196	0.00040882	0.00012186	2.3586e-05	0.16386	0.002732	5.8965e-05	1.1793e-05	3.931e-06	0	0	0	0.11333	0.032643	0.01594	0.0024923	0.00099454	0.00051889	0.00036165	0.00038917	0.10776	7.862e-05	0.00044813	0.0011007	0.0043831	0.026342	0.021023	0.0055309
0.15882	0.0054661	0.00011232	2.1394e-05	0.00014976	0.0019682	0.00012836	0	0.13937	0.019121	0.0055516	0.001888	0.00059367	0.00011766	2.1394e-05	0	0.12287	0.017019	0.01719	0.006755	0.0020859	0.00057228	0.00017115	5.3484e-06	0.16385	0.0027437	6.4181e-05	5.3484e-06	0	0	0	0	0.12241	0.025624	0.013959	0.0023693	0.0010804	0.00060972	0.0003209	0.00029416	0.11944	4.2787e-05	0.00039578	0.0011125	0.0041557	0.022581	0.015949	0.0029898
0.16044	0.003594	3.8855e-05	3.3998e-05	9.228e-05	0.0021613	0.00030598	0	0.13612	0.020389	0.0063382	0.0025304	0.00099079	0.00024284	5.3425e-05	0	0.12267	0.023138	0.013808	0.0049102	0.001559	0.00050025	6.7995e-05	9.7136e-06	0.16277	0.0038417	3.8855e-05	9.7136e-06	4.8568e-06	0	0	0	0.11596	0.029034	0.016285	0.0030695	0.0010976	0.00055368	0.00036426	0.00030598	0.11268	4.8568e-05	0.0004614	0.0011074	0.0050608	0.026212	0.0178	0.0032978
0.14767	0.016084	0.00020694	4.5987e-05	0.0001782	0.0021211	0.0003449	1.1497e-05	0.13561	0.021366	0.0063634	0.0022821	0.000845	0.00013796	5.1735e-05	5.7483e-06	0.11775	0.005185	0.022551	0.015222	0.0043112	0.0012416	0.00032765	8.0476e-05	0.16245	0.0040756	0.00012071	1.1497e-05	1.1497e-05	0	0	0	0.11934	0.025477	0.01609	0.0031501	0.0012589	0.00063231	0.00032191	0.00040238	0.11737	4.0238e-05	0.00033915	0.0012934	0.0052999	0.024614	0.015716	0.0019947
0.13098	0.0271	0.0031341	0.00014315	0.00082874	0.0041211	0.00034656	1.5068e-05	0.13407	0.021412	0.0083627	0.0022301	0.0004219	0.00012808	2.2602e-05	2.2602e-05	0.13024	0.00052738	0.0057334	0.015166	0.010759	0.0034882	0.00067806	7.534e-05	0.16	0.0064868	0.00015821	1.5068e-05	7.534e-06	0	0	0	0.13053	0.012431	0.013719	0.0046259	0.0022075	0.0013637	0.0007986	0.00098695	0.13017	6.7806e-05	0.00071573	0.0021849	0.0069991	0.018805	0.0073456	0.0003767
0.14503	0.018513	0.00027129	5.9685e-05	0.00025502	0.0023928	0.00013022	1.0852e-05	0.13758	0.019571	0.0064514	0.0021866	0.0006294	0.0001465	7.5962e-05	2.1704e-05	0.11994	0.0073412	0.018714	0.013831	0.0049375	0.0014921	0.00038524	2.7129e-05	0.1632	0.0033315	0.00011937	1.0852e-05	5.4259e-06	0	0	0	0.12137	0.024319	0.014997	0.0030059	0.0013402	0.0006294	0.00047205	0.00053174	0.11922	9.224e-05	0.00042322	0.0012371	0.0049647	0.023825	0.014666	0.0022355
0.1598	0.0045104	0.00011726	2.094e-05	0.00014658	0.0019516	0.00011307	8.3758e-06	0.14043	0.018883	0.0046737	0.0017212	0.00073289	0.00018427	2.5128e-05	1.2564e-05	0.12134	0.02063	0.016216	0.0056328	0.0020186	0.00061562	0.00020102	8.3758e-06	0.1635	0.0030404	0.00010889	1.6752e-05	4.1879e-06	0	0	0	0.11913	0.030032	0.012928	0.002207	0.00097997	0.00061562	0.00036854	0.00040623	0.1134	9.2134e-05	0.00042298	0.0010302	0.0037356	0.022577	0.019717	0.0056956
0.16055	0.0037615	7.142e-05	3.571e-05	0.0001111	0.0020672	6.7452e-05	0	0.14092	0.018732	0.0047058	0.0016704	0.00053168	7.5388e-05	2.7774e-05	3.9678e-06	0.12342	0.02243	0.013363	0.00517	0.0016308	0.00051184	0.00013094	7.9356e-06	0.16389	0.0027219	5.1581e-05	0	0	0	3.9678e-06	0	0.11989	0.029608	0.012947	0.0021267	0.00099988	0.0004682	0.00028568	0.00033726	0.11364	5.9517e-05	0.00036504	0.00087291	0.0037615	0.022426	0.019402	0.0061382
0.14003	0.023419	0.00031798	6.1365e-05	0.00020083	0.0025773	5.5786e-05	5.5786e-06	0.13753	0.020038	0.0061532	0.002237	0.0005746	8.3679e-05	4.4629e-05	5.5786e-06	0.11957	0.0046414	0.018214	0.016697	0.0055619	0.0015732	0.00036819	3.905e-05	0.16293	0.0036205	0.00010042	1.1157e-05	0	0	0	0	0.12173	0.024167	0.014811	0.0029734	0.0013277	0.00071964	0.00042397	0.00051881	0.11912	5.5786e-05	0.0005746	0.0011659	0.0049427	0.022872	0.015358	0.0025773
0.13788	0.014806	0.0029567	0.00026392	0.0017442	0.0088126	0.00020272	0	0.12506	0.02083	0.012771	0.0063838	0.0013923	0.00016065	6.1199e-05	7.6498e-06	0.11602	0.012041	0.010591	0.0097	0.0089312	0.0066439	0.002643	9.5623e-05	0.15139	0.015028	0.00023714	7.6498e-06	0	0	0	0	0.11104	0.018069	0.015667	0.0070723	0.0049074	0.0035916	0.0024709	0.0038479	0.10874	0.0001071	0.00153	0.0054696	0.011953	0.0249	0.011666	0.0022988
0.13051	0.030792	0.0021768	5.779e-05	0.00031785	0.0027161	9.6317e-05	0	0.13353	0.023309	0.0076861	0.0017626	0.00030821	4.8158e-05	1.9263e-05	0	0.12741	0.000366	0.0087937	0.018079	0.0087648	0.002668	0.00054901	3.8527e-05	0.1617	0.0049507	1.9263e-05	0	0	0	0	0	0.12821	0.017385	0.013908	0.0035637	0.0016855	0.0009728	0.00051048	0.00043343	0.12739	5.779e-05	0.00047195	0.001204	0.0057309	0.020554	0.010354	0.00090538
0.14752	0.014629	0.00024148	2.4148e-05	0.00023665	0.0037671	0.00022699	1.9319e-05	0.13218	0.022786	0.0075101	0.0031006	0.00093695	0.00012074	2.8978e-05	4.8297e-06	0.12153	0.0069885	0.01658	0.013113	0.0060661	0.0019753	0.00040569	9.6593e-06	0.16045	0.0061337	7.7275e-05	4.8297e-06	0	0	0	0	0.12234	0.020487	0.015778	0.0041535	0.0018401	0.0010963	0.00049263	0.00047331	0.12102	4.8297e-05	0.00055058	0.0017435	0.0061675	0.02367	0.012089	0.0013813
0.14167	0.022146	0.00017272	4.4779e-05	0.00015992	0.0021622	0.00031345	0	0.13338	0.022991	0.0072094	0.0023861	0.00058852	7.0367e-05	3.1985e-05	6.397e-06	0.11834	0.0033136	0.018532	0.018449	0.0060835	0.0016888	0.00022389	3.1985e-05	0.16236	0.0042284	6.397e-05	1.9191e-05	0	0	0	0	0.12042	0.023323	0.016798	0.003416	0.0014137	0.0006397	0.00034544	0.00030705	0.11812	0.00010235	0.00033904	0.001241	0.0052839	0.025172	0.014009	0.0023989
0.13608	0.027468	0.00023177	3.5657e-05	0.00021988	0.0024663	0.0001664	0	0.13405	0.023302	0.0062637	0.002288	0.00059428	0.00010103	6.5371e-05	5.9428e-06	0.11872	0.0020681	0.017508	0.02036	0.0060855	0.0015986	0.00031497	1.1886e-05	0.1628	0.0037618	9.5085e-05	5.9428e-06	0	0	0	0	0.12029	0.024508	0.015861	0.003429	0.0011886	0.0006656	0.0003744	0.00035063	0.11853	3.5657e-05	0.00041006	0.0012005	0.0053307	0.025186	0.01418	0.0017947
0.15819	0.0060233	4.8575e-05	2.1589e-05	0.00013493	0.0021967	4.8575e-05	0	0.13684	0.02058	0.0059909	0.0024072	0.00069085	0.00011874	3.7781e-05	5.3972e-06	0.12121	0.01603	0.018545	0.0074698	0.0025151	0.00083657	5.937e-05	0	0.16302	0.0036	4.3178e-05	5.3972e-06	0	0	0	0	0.12075	0.025545	0.015247	0.0026932	0.0010902	0.00065307	0.00036701	0.00032383	0.11777	8.0959e-05	0.00037241	0.0011226	0.0045445	0.024201	0.01556	0.0030171
0.16073	0.003553	6.9249e-05	4.7942e-05	0.00010121	0.0020189	0.00014383	0	0.13781	0.02005	0.0059128	0.0020189	0.00066586	0.00015448	4.7942e-05	5.3269e-06	0.12377	0.021622	0.014169	0.0050126	0.0015714	0.00039951	9.5883e-05	2.1307e-05	0.16377	0.0028126	5.8595e-05	5.3269e-06	2.1307e-05	0	0	0	0.11912	0.028142	0.014686	0.0023705	0.0011133	0.00062324	0.00034092	0.00027167	0.11596	8.523e-05	0.00036755	0.0010281	0.0042721	0.02395	0.017882	0.0031215
0.15579	0.0083233	0.00010081	1.8902e-05	0.00011971	0.00218	0.00013232	0	0.13564	0.02083	0.0068741	0.0024762	0.00063637	0.00015752	3.1504e-05	1.8902e-05	0.12341	0.011064	0.018152	0.0098858	0.0031882	0.00079389	0.00017012	0	0.16236	0.0042467	5.0406e-05	6.3007e-06	0	0	0	0	0.1232	0.02238	0.015512	0.002955	0.0011845	0.00066788	0.00037174	0.00039064	0.12181	8.1909e-05	0.00034024	0.0010081	0.0049776	0.023615	0.013402	0.0014303
0.15951	0.0047047	0.00010798	3.0851e-05	0.0001234	0.0020824	0.00010412	0	0.13489	0.022452	0.0062434	0.0022444	0.00070571	0.00010412	1.5425e-05	7.7127e-06	0.11914	0.02163	0.016663	0.0067062	0.0017161	0.00064015	0.00015811	1.1569e-05	0.16336	0.0032393	5.3989e-05	1.5425e-05	0	0	0	0	0.11566	0.029347	0.016659	0.0026493	0.0011068	0.00065172	0.00030079	0.00029694	0.11274	5.7845e-05	0.0003355	0.0010181	0.0048975	0.027048	0.017647	0.0029231
0.14881	0.015278	0.00012321	4.4355e-05	0.00015278	0.0021586	0.0001035	0	0.13456	0.02339	0.0062097	0.0019171	0.00049283	4.9283e-05	3.9427e-05	4.9283e-06	0.12011	0.0066828	0.018802	0.014992	0.0048002	0.0010497	0.0002267	4.9283e-06	0.16307	0.0035385	5.4212e-05	4.9283e-06	0	0	0	0	0.12241	0.0244	0.014524	0.0027155	0.0011976	0.00070968	0.00038934	0.00032034	0.11944	1.9713e-05	0.00041891	0.0011976	0.0044996	0.02303	0.015076	0.0029866
0.15257	0.010907	0.00013286	4.9821e-05	0.00019928	0.0024038	0.00039441	1.2455e-05	0.13245	0.024225	0.006676	0.0023872	0.00071825	0.00014946	5.3972e-05	4.1517e-06	0.11631	0.0096528	0.02249	0.013115	0.003803	0.0010628	0.00022004	8.3034e-06	0.16212	0.0044133	0.00012455	8.3034e-06	0	0	0	0	0.11774	0.025844	0.017022	0.0030266	0.0013452	0.00070994	0.00045669	0.00052312	0.11543	6.2276e-05	0.00041932	0.0013327	0.0053516	0.026334	0.015357	0.0023831
0.15561	0.00808	7.8193e-05	4.1703e-05	0.00017724	0.0023667	0.00031277	0	0.13284	0.022848	0.0071729	0.002742	0.00086534	0.00014075	3.649e-05	2.0852e-05	0.11828	0.013627	0.019965	0.0099306	0.0036125	0.0010895	0.00014596	1.5639e-05	0.16204	0.0045769	5.2129e-05	0	0	0	0	0	0.11869	0.02522	0.016603	0.0031851	0.0013136	0.00086534	0.00034405	0.00044831	0.11695	4.1703e-05	0.00050044	0.0011781	0.0054162	0.025371	0.015388	0.0018193
0.13268	0.030637	0.00070304	6.2492e-05	0.00024997	0.0022732	6.2492e-05	0	0.13791	0.020654	0.0058899	0.0016795	0.00041401	9.3738e-05	2.3435e-05	0	0.12601	0.0012655	0.012647	0.01731	0.0065773	0.0023903	0.00043745	3.1246e-05	0.16259	0.0040307	4.6869e-05	0	0	0	0	0	0.12787	0.020685	0.012108	0.0029996	0.001367	0.00069523	0.00048431	0.00046088	0.12587	3.1246e-05	0.00043745	0.0013514	0.00464	0.019349	0.012912	0.0020779
0.16014	0.0041678	8.9012e-05	2.0944e-05	0.0001309	0.0020787	3.6652e-05	0	0.14004	0.019755	0.0045344	0.0017383	0.00045029	0.00010996	4.1888e-05	0	0.11997	0.022002	0.017185	0.0051417	0.0016808	0.00056549	0.00012043	5.236e-06	0.16435	0.0022881	3.1416e-05	0	0	0	0	0	0.11931	0.029719	0.013352	0.0022253	0.00090059	0.00054454	0.0002618	0.00035605	0.11318	7.3304e-05	0.00038223	0.00099484	0.0038589	0.022813	0.019227	0.0061366
0.15982	0.0042599	0.00014147	5.2398e-05	0.00014671	0.002164	7.8597e-05	0	0.13889	0.019717	0.0054546	0.0020749	0.00040346	7.8597e-05	4.7158e-05	5.2398e-06	0.12295	0.019927	0.015468	0.0056956	0.0018811	0.00057637	0.00016767	5.2398e-06	0.16353	0.003081	5.2398e-05	5.2398e-06	0	0	0	0	0.12126	0.026697	0.013933	0.002295	0.001137	0.00061305	0.00032487	0.00040346	0.11776	0.0001048	0.00039822	0.0009484	0.004108	0.024108	0.01574	0.0035002
0.13199	0.030772	0.00039236	7.6434e-05	0.00021911	0.0028994	0.00031083	1.0191e-05	0.12423	0.024449	0.012907	0.0041886	0.0006981	0.0001172	7.6434e-05	5.0956e-06	0.12168	0.00085606	0.0064154	0.01919	0.013447	0.0043669	0.00066752	4.586e-05	0.15286	0.013661	0.00013249	1.0191e-05	0	0	0	0	0.12234	0.01735	0.018135	0.0045707	0.0019363	0.0010548	0.00062166	0.00065733	0.12154	9.1721e-05	0.00039236	0.0018293	0.0069555	0.024979	0.010074	0.0008051
0.1511	0.012777	0.00024692	2.1165e-05	0.00026809	0.0020318	0.00021165	7.055e-06	0.13881	0.019063	0.0059685	0.0021447	0.00052912	0.00011288	4.233e-05	0	0.12769	0.0042965	0.015994	0.012466	0.0044376	0.001411	0.0003598	7.055e-06	0.16242	0.0041765	6.3495e-05	7.055e-06	0	0	0	0	0.12968	0.019923	0.011662	0.0027585	0.0012276	0.00069139	0.00038802	0.00033158	0.12747	6.3495e-05	0.00025398	0.001157	0.0045152	0.018322	0.012614	0.0022717
0.14796	0.015795	0.00023671	5.595e-05	0.00017646	0.0021476	0.00024102	5.595e-05	0.13389	0.022462	0.0066451	0.0026124	0.00075748	0.00015494	0.00012481	2.1519e-05	0.11711	0.0060641	0.022044	0.01459	0.0049279	0.0015365	0.00038735	4.3039e-06	0.1619	0.0045406	0.00019798	1.7215e-05	8.6077e-06	0	0	0	0.11783	0.02606	0.016501	0.0031762	0.0013772	0.00086507	0.00043469	0.00042608	0.11636	5.595e-05	0.0004519	0.0013729	0.0051861	0.026581	0.01515	0.0015063
0.16033	0.0045264	9.3779e-05	8.3359e-06	4.5848e-05	0.001663	0	0	0.15189	0.010376	0.0031426	0.0011045	0.00013546	1.4588e-05	0	0	0.13515	0.018464	0.008138	0.0032677	0.0012316	0.00035845	5.6268e-05	0	0.16612	0.00054184	4.168e-06	0	0	0	0	0	0.12695	0.028428	0.0082276	0.0015067	0.00077524	0.00038554	0.00021048	0.00018339	0.11148	2.2924e-05	0.00023341	0.00068563	0.0024445	0.015976	0.020692	0.015132
0.15776	0.006576	0.00013917	2.4853e-05	0.00014912	0.0018292	0.00018391	0	0.13733	0.02027	0.0057708	0.0023361	0.00075055	0.000169	2.4853e-05	1.4912e-05	0.11749	0.020374	0.018277	0.0069339	0.0025896	0.0007754	0.00021373	9.941e-06	0.16305	0.0035291	7.4558e-05	9.941e-06	0	0	0	0	0.1157	0.028899	0.017064	0.0027537	0.00095931	0.00048214	0.00041752	0.00039267	0.11279	8.9469e-05	0.00050202	0.001019	0.0046673	0.027716	0.017009	0.0028779
